# path-only reservoir: bit_length path_count packed_path_digest hex_bytes
20 1 0100000000001200 831204
119 7 02f5de114d982e54 1b3310869065da78cc803933a6d529
6 1 0000000000000001 17
6 1 0000000000000001 17
216 23 f66d7ec24573a6b4 2bb0318721649976715afaadaf2f4ab0b6bebfcca5ad2c62b04843
20 1 000000000000008a 8b8604
6 1 0000000000000001 17
6 1 0000000000000001 17
119 7 02f5de114d982e54 1b3310869065da78cc803933a6d529
20 1 000000000000008a 8b8604
6 1 0000000000000001 17
6 1 0000000000000001 17
6 1 0000000000000001 17
6 1 0000000000000001 17
121 13 6ec980427717bc6c 1b331086908dc70c9853c05973d69c00
242 42 5e2ebd6fcbd3e411 db502c73c75f71300100d818ee6e19b02798b3e66c0cac42920decc2620501
6 1 0000000000000001 17
6 1 0000000000000001 17
6 1 0000000000000001 17
6 1 0000000000000001 17
217 35 31a036710e0a5c3f fb4f9976a8c10a00eb561c361e3360ce2167cdd9185885241bd88500
190 16 422fb048b5ba4042 db50ecb083b589c9c66306cc9931ad4e1b03ab106403bb10
159 15 020c6e60ace4f720 fb4f9976a8c1dab4b2cf123706563460c5067621
40 5 80000030c1d2a21b 3f711b6845
193 33 653405a2e3252a26 db502c73c7df0726e71c808de1c68b067c59de067661b18200
20 1 0000000000000068 8b6404
121 13 6ec980427717bc6c 1b331086908dc70c9853c05973d69c00
153 18 fe48ec2ede2327e3 db502c73c7df07263606563460c5067661b18200
6 1 0000000000000001 17
119 7 02f5de114d982e54 1b3310869065da78cc803933a6d529
144 10 8424da114d9833ed 1b33108690255a9996b4f1980173e64cab53
292 30 4b92d71950b1f190 fb4f9976a8c18a7dab6b2bf64d361e3360cea46975da1858850a5656377088c50a2c4a3005
6 1 0000000000000001 17
53 3 020000000f5de508 1b33108690650a
6 1 0000000000000001 17
20 1 000000000000008a 8b8604
244 36 9f398f4e22761911 fb4f713bd46005c0c1eaca6449cec6c06206dc199d56a78d815538b0815f04
6 1 0000000000000001 17
156 19 5dbb7f7fd2b94082 db504c3bd460c531b1c6cac6c08a06acd8c02e04
6 1 0000000000000001 17
264 30 1fe5efed8e97d505 fb4f9976a8c1da64dfaa556bd3649f69e33103e62c9b56a78d8155c8b0bc0dec42
38 2 000000000000347e 8b642c4610
6 1 0000000000000001 17
38 2 0000000000004fd0 8b9a2cb610
6 1 0000000000000001 17
229 41 a8c0ffaec59b61af dbd01629d8986cc0c6c014b8b00f00c7e100b031dcdd32604fd069750a
20 1 0000000000000087 8b8304
40 5 80000030c1d2a223 3f711be845
6 1 0000000000000001 17
6 1 0000000000000001 17
6 1 0000000000000001 17
6 1 0000000000000001 17
119 11 0a992386cc9773b3 1b3310869065da78cc8039379c3527
20 1 0000000000000087 8b8304
6 1 0000000000000001 17
120 8 4423c320808f2e54 1b331086908dc70c9853605a9d565d
119 7 02f5de114d982e54 1b3310869065da78cc803933a6d529
6 1 0000000000000001 17
226 30 822df7a830ce0a15 fb4f713bd460c5b1ac09b7f1980173d6386bceeab431b00a4936b00b01
6 1 0000000000000001 17
6 1 0000000000000001 17
6 1 0000000000000001 17
143 9 0524da114d982e69 1b3310869065ae4c4bda78cc803973a6d529
6 1 0000000000000001 17
200 20 03ee8d4899faddd4 fb4f713bd460c5b1241b8f1930e7c8b43a6d0cac42920dec42
163 20 419fb8cf7378dede fb4f9976a8c1da99382c696563604503566c601702
53 3 020000000f5de508 1b33108690650a
6 1 0000000000000001 17
146 16 6eb38fc8b580bc6c 1b3310869065ae4c1b8f1930678ab3e62c0f01
6 1 0000000000000001 17
183 16 422fb07955bb444a db50ecb08315878dc70c9833625a9d36065621c9067621
133 15 6ec9759e3707bc6c 1b3310869065da78cc8039379c3567cd09
6 1 0000000000000001 17
6 1 0000000000000001 17
271 29 8509af343c7b4929 fb4f713bd4606db2be364d1356cefecac66306cc5936ad4e1b03ab7060038958b420
6 1 0000000000000001 17
6 1 0000000000000001 17
6 1 0000000000000001 17
6 1 0000000000000001 17
38 3 800000000003c287 f7f1060a12
119 7 02f5de114d982e54 1b3310869065da78cc803933a6d529
285 47 7db64927ac31de24 fb4f714bdbf1571c87731cacaead996c3c66c09c65ce9ab331b00a15acac6e6017162b08
132 12 aec5cbb4a3f6a832 db50ecb0833567dfc6c08a066cd9c02e04
53 3 020000000f5de508 1b33108690650a
6 1 0000000000000001 17
256 31 2fd9a764fe1fade3 fb4fb1c41d7fdf8ac9c4fa8a7dc7c66306cc1935ad4e1b03ab9064038758ac40
53 3 020000000f5de508 1b33108690650a
162 22 d1b67fe95d0130e4 fb4f9976a8c13e8763cd6d0cac68c08abd7f310301
6 1 0000000000000001 17
183 16 422fb07955bb444a db50ecb08315878dc70c9833625a9d36065621c9067621
6 1 0000000000000001 17
6 1 0000000000000001 17
6 1 0000000000000001 17
6 1 0000000000000001 17
6 1 0000000000000001 17
20 1 000000000000008a 8b8604
133 15 6ec9759e3707bc6c 1b3310869065da78cc8039379c3567cd09
67 6 02016b1e6041a508 1b33108690b57dab02
79 14 742ca933c933cab1 fb4fef5083254d583721
53 3 020000000f5de508 1b33108690650a
6 1 0000000000000001 17
134 14 72d992eb3b6f3d70 1b3310869065da78cc8039379c35676d12
6 1 0000000000000001 17
153 17 4be0159b1cbc9e1f db50ecb083b5c9fec66306cc99e1ac391b288600
6 1 0000000000000001 17
187 19 3b92ba3a71050b7a db50ecb0836559b56a496c0cac68c0172bab1bd885c50a02
6 1 0000000000000001 17
6 1 0000000000000001 17
6 1 0000000000000001 17
20 1 0000000000000068 8b6404
20 1 000000000000001a 8b1604
220 29 f3e975b3b3509484 fb4f713bd4601fb08a69e33103e65c9956a7d5696360150e6c601704
20 1 000000000000008a 8b8604
6 1 0000000000000001 17
6 1 0000000000000001 17
160 17 7de55f283b3b452d db50d821072b8e63493606563460cf067eb11841
119 7 02f5de114d982e54 1b3310869065da78cc803933a6d529
345 49 9da8340473b3af26 fb4f997668c16e096a04d918980237d6f61d0000808de1b4f198018fa68da9e43686365e21c80612b1488100
6 1 0000000000000001 17
139 18 a9f38f4a1b7477d6 dbd076a8c13e60d5be8dc70c9873655a9d02
119 7 02f5de114d982e54 1b3310869065da78cc803933a6d529
6 1 0000000000000001 17
6 1 0000000000000001 17
6 1 0000000000000001 17
6 1 0000000000000001 17
124 11 9355bb14a4965c96 db50ecb08315c7c6c08a06acd8c02e04
6 1 0000000000000001 17
6 1 0000000000000001 17
6 1 0000000000000001 17
6 1 0000000000000001 17
6 1 0000000000000001 17
6 1 0000000000000001 17
40 5 80000030c1d2a21b 3f711b6845
227 25 1c7db62cad4c201c db50ecb08365edaf4ca6c904ab2b96b431b0a2015b565637d08bc50a02
6 1 0000000000000001 17
126 12 569a2386cb36dcd1 1b3310869065da1858cc803b63ce9a13
6 1 0000000000000001 17
53 3 020000000f5de508 1b33108690650a
200 18 98055d1a9133f5ba fb4f9976a8c18a6349361e3360ce916975da185885241be845
6 1 0000000000000001 17
143 11 96d98182c4882d35 fb1b33088690a56f3c66c09c21d3eab43c27
53 3 020000000f5de508 1b33108690650a
142 12 935e8954a4963cba fb4f9976a8c1da64991b032b1ab06203bb10
6 1 0000000000000001 17
6 1 0000000000000001 17
6 1 0000000000000001 17
216 18 ec134f4e5873cc72 db50ecb083b5c9be256d3c66c09c2bd3eab43a6d0cac42920dec42
6 1 0000000000000001 17
242 34 dabf9343f311be76 fb4f713bd460c5e158d28a63e33103e60c72d69c8d8155c8b0bcbd7f310301
6 1 0000000000000001 17
162 19 7dbc6fead8992082 db50ecb083158763d5b23606563460cbf236b00b01
191 15 4229bf0355e2c042 db50ecb083b5c9be8dc70c9833635a9d36065621c9067621
158 21 df026fe95d183b65 db50ecb0837dc0b1cec6c08a06acd8c021162b10
6 1 0000000000000001 17
6 1 0000000000000001 17
154 22 d78e845f931150a5 fb4f9976a8c18a03acb1b231b0a2012b36b00b01
119 7 02f5de114d982e54 1b3310869065da78cc803933a6d529
221 23 fd5b5f217a751250 db50ecb083b5c9c1eadab46ee33103e66c9a56a78d815548b2815d08
141 14 042caa2bb0ad75d5 dbd076a8c18ab324fb361e3360ce9569750a
63 8 021bcfbc6347a508 fb4fef508365da27
162 23 9d8f772e2e34edfb fb4f9976a8c18a639d8dc70c98b3c4597336500c01
6 1 0000000000000001 17
6 1 0000000000000001 17
20 1 000000000000008a 8b8604
6 1 0000000000000001 17
296 60 ebe89a8cbce7007d fb4f711bb3af006063600a58711c0700000080b331dcdd32604fd06975da185885031bf845
6 1 0000000000000001 17
6 1 0000000000000001 17
6 1 0000000000000001 17
86 10 d35e8b372ed28539 db50ecb083b589c906ba12
6 1 0000000000000001 17
6 1 0000000000000001 17
6 1 0000000000000001 17
6 1 0000000000000001 17
6 1 0000000000000001 17
6 1 0000000000000001 17
6 1 0000000000000001 17
214 24 c9afb9a8d76d6384 db50ecb083fd9b98ac5bd2c66306ccf9e3ac391b03ab906403bb10
227 25 f34c86532988e645 db504c4bdbf1571c963499d8df78cc80397ba6d569636015926c601702
80 7 02b5bf9064cea508 1b33108690b56965655d
245 29 9052d42e13b060bb db50d821072b8e75f6d978cc8039639c3567636015926ce0108b155894600a
84 4 0000000005b6cf90 fb9bac82166ce0108b2d04
6 1 0000000000000001 17
111 6 0201ebbaaccc2e54 1b33108690655ad2c66306cc9921
6 1 0000000000000001 17
6 1 0000000000000001 17
20 1 0100000000001200 831204
20 1 0000000000000087 8b8304
6 1 0000000000000001 17
6 1 0000000000000001 17
6 1 0000000000000001 17
53 3 020000000f5de508 1b33108690650a
6 1 0000000000000001 17
6 1 0000000000000001 17
6 1 0000000000000001 17
215 19 3a5e556ed5528c19 db502c73c75f71d878cc803923a6d56963601592ecfd8b1958ac20
6 1 0000000000000001 17
6 1 0000000000000001 17
139 14 0a99238503e8e9f3 fb1b3308869065dabf8dc70c98f3c4597302
160 25 9da02f663b157539 dbd076a8c1ba094bb26f62b2f19801732e396b4e
6 1 0000000000000001 17
38 2 0000000000004fd0 8b9a2cb610
6 1 0000000000000001 17
229 31 19348ed6f014a7ef fb4f9976a8c10a98ecb36a6d65e33103e65c72d69c8d815548b2815d08
6 1 0000000000000001 17
20 1 000000000000001a 8b1604
6 1 0000000000000001 17
206 22 6ce6b7e99ab2f1a9 1b3310869065eeaf4dd334c1beb3b2f1980173964dabd3062611
6 1 0000000000000001 17
162 17 1185ed2abc7b1db4 db50ecb08315d6acb88dc70c98f3645a9d36500c01
6 1 0000000000000001 17
6 1 0000000000000001 17
150 19 3e62efa8323b4445 fb4f9976a8c13ec761891b032b1ab06203bb10
6 1 0000000000000001 17
53 3 020000000f5de508 1b33108690650a
158 15 62ccf65722bc16e4 db502c73c75f7158f6c6c08a06acd8c02e2c5610
53 3 020000000f5de508 1b33108690650a
119 11 0a992386cc9773b3 1b3310869065da78cc8039379c3527
126 19 5ad431af5070c373 eed1fd5db428018b272c7175f104d812
6 1 0000000000000001 17
117 14 af45cbb4893ee71a fb4f9996b6e3af4df66da02b162b08
6 1 0000000000000001 17
6 1 0000000000000001 17
6 1 0000000000000001 17
248 36 57015e2235db7510 fb4f714bdbf1571c56ed9b38c0c66306cc7934ad4e1b03ab906403bbb05841
175 10 863d08a6cc172065 fb1b33088690a5eedfc66306cc5932ad4e1b03ab9021
20 1 0000000000000068 8b6404
6 1 0000000000000001 17
6 1 0000000000000001 17
20 1 000000000000008a 8b8604
6 1 0000000000000001 17
6 1 0000000000000001 17
1500 482 ad4d37c400ca9bae 938d9d01d858cc1bbb053686306fecc664000060e3147801001ba7c00b00d838055e00c0c629f00200364e811700b0710abc00808d53e005006c9c022f0060e3147801001ba7c00b00d838055e00c0c629f00200364e811700b0710abc00808d53e005006c9c022f0060e3147801001ba7c00b00d838055e00c0c629f00200364e811700b0710abc00808d53e005006c9c022f0060e3147801001ba7c00b00d838055e00c0c629f00200364e811700b031560098010000802dc00c04
104 14 a2e5d8b28152b8ee fb4f9976a8c1da64dfba0d7445
6 1 0000000000000001 17
20 1 0000000000000068 8b6404
173 40 7888754ece01342c dbd076a8c10a0080c3c1c67077cb803dc19c3567750a
6 1 0000000000000001 17
119 11 0a992386cc9773b3 1b3310869065da78cc8039379c3527
106 6 0201ebb8a8452e54 1b3310869065b2f19801736e4c01
6 1 0000000000000001 17
6 1 0000000000000001 17
154 20 4d9748cf933940dc fb4f9976a8c1da391c96b931b0a2012b36b00b01
122 9 01de8d34a4969cfa db50ecb08325b131b0a2012b36b00b01
128 8 06034ed8a4969cf9 db50ecb083b5656e0cac68c08a0dec42
20 1 0000000000000068 8b6404
6 1 0000000000000001 17
158 21 b9c63c4fb2f993b6 fb4fedef50837d0eb0a47d1b032b1ab06203bb10
179 16 48e140fa3a7c8d76 fb1b3308869065dabf8dc70c98f3c45973361089c51602
140 11 ad64aa114d98ee3d db50ecb083b56965591b8f1930e7cab43a05
6 1 0000000000000001 17
6 1 0000000000000001 17
6 1 0000000000000001 17
53 3 020000000f5de508 1b33108690650a
153 18 523e8c3a3707bc6c fb1b3308869065dabf8dc70c98f3c45973d69c00
20 1 0000000000000068 8b6404
184 36 1e3c3302cf4e56aa fb4f6fccbea2808d81293061150000006c0c375e34e04b
134 12 389c22648b7948db 1b33108690a5dab7baf1980173d6384b12
6 1 0000000000000001 17
119 11 0a992386cc9773b3 1b3310869065da78cc8039379c3527
224 35 f8c05d11bafc7adf fb4f713bd4609fc31271361e3360ce1c67cd5973360656e1c0067641
6 1 0000000000000001 17
6 1 0000000000000001 17
24 2 000000000000346a 8b645c
6 1 0000000000000001 17
6 1 0000000000000001 17
20 1 0000000000000068 8b6404
6 1 0000000000000001 17
172 17 72e9a85c759c1782 fb4f714bdbf1d726fb96b431b0a2012b36b00b8b1504
118 10 8a992386cc9831f3 1b33108690a56e3c66c09c1bce9a13
6 1 0000000000000001 17
6 1 0000000000000001 17
20 1 0000000000000068 8b6404
6 1 0000000000000001 17
6 1 0000000000000001 17
250 28 8723ab076898dd9f db50d821076b6e7f9ff595b36fc5ca6d3c66c09c65d3eab431b00a4936b00b01
75 13 6cc40831659051dd fb4fef508315c7ba7d02
6 1 0000000000000001 17
53 3 020000000f5de508 1b33108690650a
6 1 0000000000000001 17
6 1 0000000000000001 17
20 1 0000000000000068 8b6404
6 1 0000000000000001 17
53 3 020000000f5de508 1b33108690650a
6 1 0000000000000001 17
107 9 0b992386cc982e77 1b331086908dc70c9853c0597302
6 1 0000000000000001 17
6 1 0000000000000001 17
20 1 0000000000000087 8b8304
6 1 0000000000000001 17
118 6 0201fa194d982e54 1b33108690a56e3c66c09c19d3ea14
20 1 0100000000001600 831604
20 1 000000000000008a 8b8604
6 1 0000000000000001 17
6 1 0000000000000001 17
6 1 0000000000000001 17
53 3 020000000f5de508 1b33108690650a
20 1 000000000000008a 8b8604
121 13 6ec980427717bc6c 1b331086908dc70c9853c05973d69c00
6 1 0000000000000001 17
254 34 5fa053941433e16e db5058e28ebf6272f6f7b16adfc1c66306cc1935ad4e1b03ab70607ddf067e11
6 1 0000000000000001 17
175 33 67c077c788662ea1 db502c73c75f0380031c1bc38d170d78b1815d58ac20
119 7 02f5de114d982e54 1b3310869065da78cc803933a6d529
20 1 0000000000000068 8b6404
6 1 0000000000000001 17
211 27 56d2bcfbac1c5ae7 fb4f714bdbf1973531593761dfc6c08a066c59d65eb47884c50a02
239 54 3486c70b332966a1 db50ecb0833538000000b031dcdd32604f3067cd597336065621c9067621
6 1 0000000000000001 17
6 1 0000000000000001 17
242 27 f8fc3184e470c38b fb4f9996b6e3af004b5a7136061633e0cee8b43a6d0cac42920decc2620501
203 30 4f3f6d6357b24104 fb1bb30882a06663600a9c582600e06c0c77b70cd813cc597302
6 1 0000000000000001 17
6 1 0000000000000001 17
6 1 0000000000000001 17
6 1 0000000000000001 17
6 1 0000000000000001 17
132 8 780e4a114d982e54 1b3310869065ae4c1b8f1930e7c9b43a05
6 1 0000000000000001 17
6 1 0000000000000001 17
24 2 000000000000346a 8b645c
6 1 0000000000000001 17
228 26 eccf4f4ef819760f db50d821076beb2b93c90aac61e33103e6ac9a56a78d815538b0815f04
197 30 a19860a63a37a493 db50ecb08315073807abcbb231b0a2015facac6e6017162b08
6 1 0000000000000001 17
143 11 af65d9f4a4965c90 db50ecb083b569c5323706563460c5067621
6 1 0000000000000001 17
6 1 0000000000000001 17
20 1 0000000000000068 8b6404
6 1 0000000000000001 17
96 31 7cc5af09de2e3a71 dbd076a8c13e001c008e8d61
20 1 0000000000000068 8b6404
6 1 0000000000000001 17
6 1 0000000000000001 17
119 7 02f5de114d982e54 1b3310869065da78cc803933a6d529
6 1 0000000000000001 17
55 4 00000006a6178fa0 9bec02690cdc2c
6 1 0000000000000001 17
115 14 935e8b94893e6da5 fb4f714bdbf1d726fb1be88ac50a02
6 1 0000000000000001 17
6 1 0000000000000001 17
6 1 0000000000000001 17
6 1 0000000000000001 17
6 1 0000000000000001 17
6 1 0000000000000001 17
6 1 0000000000000001 17
6 1 0000000000000001 17
6 1 0000000000000001 17
119 7 02f5de114d982e54 1b3310869065da78cc803933a6d529
20 1 0000000000000068 8b6404
53 3 020000000f5de508 1b33108690650a
184 18 353cae1bdb39ee24 fb4fd961076b937dab6bd3dac66306cc5934ad4e1b2846
6 1 0000000000000001 17
6 1 0000000000000001 17
6 1 0000000000000001 17
6 1 0000000000000001 17
125 21 80b38fdfd70292cb fb4f9996b6e3af3838eb6ca02b162b08
119 7 02f5de114d982e54 1b3310869065da78cc803933a6d529
6 1 0000000000000001 17
6 1 0000000000000001 17
6 1 0000000000000001 17
237 29 8286e4e2a6f4c1cf fb4f9996b6e3af38966ae33103e68c71d69c3567636015926c6017162b08
119 7 02f5de114d982e54 1b3310869065da78cc803933a6d529
233 25 adafa3bc01157f01 fb4f9976a8c1dac464d5ca6465e33103e62c9a56a78d815508721bd88500
6 1 0000000000000001 17
149 17 76215b483e62c540 fb4f9976a8c1dac464958d81150d58b1815d08
119 11 0a992386cc9773b3 1b3310869065da78cc8039379c3527
166 16 d9c584585e7e63b1 1b3310869065ae4cfb13f6ad6c3c66c09c4fd3ea14
248 44 34f9319bcb578a45 db50d82107ebc071c08175fb56d978cc8039d7a6d5696360150eacdf067641
152 25 ddaabb78a0c9de54 1b33108690e54ee0306d0c77b70cd81304ac41
6 1 0000000000000001 17
6 1 0000000000000001 17
6 1 0000000000000001 17
207 22 ab53c4fd8bf790be fb4f713bd460c5b2371e3360ce1667cd599d36065621c9067621
20 1 0000000000000068 8b6404
6 1 0000000000000001 17
6 1 0000000000000001 17
138 14 4c91c37e41e5493d db50ecb083151b8f19306782b3e66ca01801
20 1 000000000000008a 8b8604
6 1 0000000000000001 17
6 1 0000000000000001 17
148 22 e5e3dcca37694005 fb4fef508325b13c6c3c66c09c31ce9ab3e604
92 6 800030308d46abca dbaeec7d9b54211bcdbd3707
145 16 66e3dac87dbc4748 db50ecb003d33926cbdc1858d180151bd88500
150 12 306f7a114a38c6cb 1b3310869065aeac4eac6d3c66c09c45d3ea14
6 1 0000000000000001 17
103 12 cbab0e249be873ea b7536775e30556ece26204b726
211 31 802a8939c734a96a fb4f9976a8c11a70d64dd878cc8039739c3567636015326c601702
6 1 0000000000000001 17
206 31 2ffa6cae4a3ba112 fb4f9976a8c18ac3710e56976563604503be5859ddc02e2c5610
119 7 02f5de114d982e54 1b3310869065da78cc803933a6d529
23 2 0100000000000d90 b7ad39
6 1 0000000000000001 17
159 13 2074ca114804c8c3 fb1b33088690b59525adb8db78cc80396fa6d529
168 17 4128b4b1339b47e2 db5058e28ebfe2d878cc80391fa6d56903c5b05841
129 9 01064ed8a4969cfa db50d821076bcbdc1858d180151bd88500
6 1 0000000000000001 17
226 30 21fc1da1d89befde fb4f9976a8c1da048025ad4d6c3c66c09c4bd3eab431b00a4936b00b01
119 7 02fc2e114d982e54 1b33108690a5da78cc803937a6d529
6 1 0000000000000001 17
103 12 cbab0e249be873ea b7536775e30556ece26204b726
119 7 02f5de114d982e54 1b3310869065da78cc803933a6d529
181 19 6af775e6d1ba20e9 fb4f714bdbf1d726fb96b46f63604503566c6017162b08
20 1 000000000000008a 8b8604
6 1 0000000000000001 17
246 42 34184546243a83b2 fb4f714bdbf157001300808de1ee96017b824eabd3c6c02a24d9c02e2c5610
20 1 0000000000000068 8b6404
6 1 0000000000000001 17
6 1 0000000000000001 17
6 1 0000000000000001 17
20 1 000000000000008a 8b8604
6 1 0000000000000001 17
6 1 0000000000000001 17
22 5 810000007183a544 f71117
213 23 99f38f5c89faea82 fb4f713bd4606d492b0e67e33103e6ac9956a78d815548b2815d08
20 1 000000000000008a 8b8604
152 17 76394b483e62c540 fb4f9976a8c1dac464cd6d0cac68c08a0dec42
63 8 021bcfbc6347a508 fb4fef508365da27
105 14 a2cdcbb28152b8ee fb4f9976a8c1dac464491be88a00
6 1 0000000000000001 17
20 1 0000000000000087 8b8304
20 1 0000000000000068 8b6404
125 14 670459689a67d5ea dbd076a8c18ac3ea8ac9c6c08a066c09
6 1 0000000000000001 17
161 16 a2e5d0565733d884 fb4f714bdbf1d726fb3606563460c5067661b18200
6 1 0000000000000001 17
6 1 0000000000000001 17
162 14 725508bec122c20a db50ecb083b58969591b8f1930e7cab43a6da01801
6 1 0000000000000001 17
139 12 935ecbb4a4963cba fb4f9976a8c1dab46263604503566c601702
53 3 020000000f5de508 1b33108690650a
148 16 763a4aa83e62c540 db504c3bd4606d62b2c6c6c08a06acd8c02e04
253 34 9ebb77b312aa1291 fb4f714bdbf1d78ec392ecdbb731b0980177c69c3567636015926c6017162b08
107 9 0b992386cc982e77 1b331086908dc70c9853c0597302
191 24 dcb65ba4ce88d032 dbd076a8c18a6362891b8f1930678db3e6ac391b03ab9021
6 1 0000000000000001 17
6 1 0000000000000001 17
119 11 0a992386cc9773b3 1b3310869065da78cc8039379c3527
6 1 0000000000000001 17
223 42 3b564c801824d741 fb4f9976a8c13e0000006c0c77b70cd813745a9d36065621c9067621
6 1 0000000000000001 17
6 1 0000000000000001 17
6 1 0000000000000001 17
6 1 0000000000000001 17
6 1 0000000000000001 17
6 1 0000000000000001 17
6 1 0000000000000001 17
6 1 0000000000000001 17
323 55 a07c911f4ad81a5a 1b33108690b5c9bec9c4ea2aabac38679a4c263001b8b3f1980173f6064cabd3c6c02a6458d9403c02
6 1 0000000000000001 17
6 1 0000000000000001 17
186 39 2f1148fd3296ffbc fb4f9976a8c13e0070386c0c77b70cd813cc597336500c01
6 1 0000000000000001 17
104 16 72ec72955077b48a fb4f9976a8c1dac4648d0d7445
6 1 0000000000000001 17
6 1 0000000000000001 17
93 14 975d8b9741522df0 fb4f713bd460cdd9b781ae08
50 6 80000010c9d2a223 3bd6c46da01701
20 1 0000000000000068 8b6404
6 1 0000000000000001 17
6 1 0000000000000001 17
6 1 0000000000000001 17
16 2 0100000000000784 f771
6 1 0000000000000001 17
141 16 62cc12d09d64f64e fb4f9976a8c18ac3ba8d81150d58b1815d08
167 22 814b6f3eda948ef8 fb4f9976a8c18ab32cb7f1980173a6386bce068a21
6 1 0000000000000001 17
6 1 0000000000000001 17
6 1 0000000000000001 17
6 1 0000000000000001 17
6 1 0000000000000001 17
6 1 0000000000000001 17
146 16 6eb38e0a3707bc6c 1b3310869065ae4c1b8f1930678ab3e6ac3901
6 1 0000000000000001 17
6 1 0000000000000001 17
169 21 ddbc6fead8997063 fb4f9976a8c18ac3b16a591b032b1ab065791bd88500
20 1 0000000000000087 8b8304
6 1 0000000000000001 17
6 1 0000000000000001 17
138 21 bff7e61edc8f1e96 dbd076a8c10ab06adfc66306ccd9e2ac3901
6 1 0000000000000001 17
6 1 0000000000000001 17
6 1 0000000000000001 17
133 15 6ec9759e3707bc6c 1b3310869065da78cc8039379c3567cd09
24 2 00000000000000c7 b71844
6 1 0000000000000001 17
119 7 02f5de114d982e54 1b3310869065da78cc803933a6d529
6 1 0000000000000001 17
6 1 0000000000000001 17
6 1 0000000000000001 17
119 7 02fd0ca70d982e54 1b33108690a56e3c66c09c19d39a29
166 22 df1a3b8f4bb02817 db504c3bd4609f89638d152b1b032b1ab06203bb10
6 1 0000000000000001 17
38 2 000000000000347e 8b642c4610
119 11 0a992386cc9773b3 1b3310869065da78cc8039379c3527
119 7 02f5de114d982e54 1b3310869065da78cc803933a6d529
202 16 422fb048b538c164 db50ecb083b5c9be256e3c66c09c33d3eab431b00a4936b00b01
6 1 0000000000000001 17
133 15 6ec9759e3707bc6c 1b3310869065da78cc8039379c3567cd09
6 1 0000000000000001 17
6 1 0000000000000001 17
6 1 0000000000000001 17
119 7 02f5de114d982e54 1b3310869065da78cc803933a6d529
6 1 0000000000000001 17
6 1 0000000000000001 17
180 31 275a86417618e508 1b3310869025da5f319d690213001b8f1930e7d9b43a05
6 1 0000000000000001 17
95 12 935e8b976942fc7a fb4f9976a8c1da64df06ba22
6 1 0000000000000001 17
6 1 0000000000000001 17
6 1 0000000000000001 17
22 5 810000007183a544 f71117
