# path-only reservoir: bit_length path_count packed_path_digest hex_bytes
6 1 0000000000000001 17
131 9 05344a114d982e69 1b3310869065aeb88dc70c98f3645a9d02
20 1 000000000000008a 8b8604
6 1 0000000000000001 17
53 3 020000000f5de508 1b33108690650a
20 1 000000000000008a 8b8604
6 1 0000000000000001 17
6 1 0000000000000001 17
206 19 02aa3d795475586d fb4f713bd460c592d6dcc66306ccb932ad4e1b03ab906403bb10
6 1 0000000000000001 17
6 1 0000000000000001 17
279 52 7fb6e25e1442e7e8 fb4f711bb3af686063600accd807380ec001003686bb5b06ec09e66c0cacc2810dfc22
6 1 0000000000000001 17
6 1 0000000000000001 17
6 1 0000000000000001 17
6 1 0000000000000001 17
20 1 000000000000008a 8b8604
159 19 428fe0683eb94043 fb4f713bd460c5fec4c4323706563460c5067621
119 7 02f5de114d982e54 1b3310869065da78cc803933a6d529
6 1 0000000000000001 17
6 1 0000000000000001 17
6 1 0000000000000001 17
198 27 7eb2045b40e50c95 fb4f714bdbf1571c60d5cacac6c08a066c5959ddc02e2c5610
20 1 000000000000008a 8b8604
6 1 0000000000000001 17
160 14 c5affb4bd335eed7 1b3310869015674996bbbfb6f1980173564dab53
20 1 000000000000008a 8b8604
6 1 0000000000000001 17
119 7 02f5de114d982e54 1b3310869065da78cc803933a6d529
6 1 0000000000000001 17
6 1 0000000000000001 17
31 2 0000000000003e0b 8b792c33
119 11 0a992386cc9773b3 1b3310869065da78cc8039379c3527
6 1 0000000000000001 17
6 1 0000000000000001 17
6 1 0000000000000001 17
120 8 78ef08a70d982e54 1b3310869065da78cc803933a63553
160 22 d1b7ffe95cc13073 fb4f713bd460c57158731b032b1ab062ef5fcc40
53 3 020000000f5de508 1b33108690650a
6 1 0000000000000001 17
6 1 0000000000000001 17
20 1 0100000000001200 831204
119 7 02f5de114d982e54 1b3310869065da78cc803933a6d529
6 1 0000000000000001 17
148 14 389c226744ea66c7 fb1b3308869065ae4cfb6c3c66c09c35ce9204
151 20 332b83283e3b44e6 fb4f714bdbf1571c13eb3606563460c5067621
119 7 02f5de114d982e54 1b3310869065da78cc803933a6d529
6 1 0000000000000001 17
6 1 0000000000000001 17
119 7 02f5de114d982e54 1b3310869065da78cc803933a6d529
138 19 f7be07ba3bb4ef04 dbd076a8817d6095c9c66306ccb932ad4e01
6 1 0000000000000001 17
236 28 499ec105432c0126 fb4f714bdbf1572c89c9eac66306cc59e3ac391b03ab10e436b00b8b1504
6 1 0000000000000001 17
119 7 02f5de114d982e54 1b3310869065da78cc803933a6d529
392 117 74e99cb061a5bf09 db5058e2c66c86818d8129f062491387030e000000000000800300d818ee6e19b02798b3e66c0cacc281f57dcbc2067641
6 1 0000000000000001 17
133 12 4c91c3664bf65914 1b33108690a5da78cc80393b9c35676f0f
6 1 0000000000000001 17
6 1 0000000000000001 17
31 2 0000000000003e0b 8b792c33
265 46 2d93c05c99b99c98 fb4f9936665f21c1c6c01438b2e2700087e3001bc38d170d18e3dcea067661b18200
20 1 0000000000000068 8b6404
110 13 af45cbb4a1de2c9a 3beac40e39589becdb40572c5610
248 31 ec463b0293ccf967 fb4f713bd460c531999c895bd2b236061633e0cee8b466da185885031bf845
6 1 0000000000000001 17
6 1 0000000000000001 17
6 1 0000000000000001 17
6 1 0000000000000001 17
6 1 0000000000000001 17
139 10 f50c7a114d982e68 fb1b3308869065dabf8dc70c98b3645a9d02
182 25 b945e1f0395ab038 db5058e28ebfe2d878cc8039239c3567cdd940312c5610
6 1 0000000000000001 17
126 20 5fe38319db02c048 fb4f714bdbf1d726266bd840572c5610
118 10 8a992386cc9831f3 1b33108690a56e3c66c09c1bce9a13
6 1 0000000000000001 17
118 10 cc113246cc9830ef 1b3310869065da78cc8039379cd513
20 1 0000000000000068 8b6404
179 18 b06205585e7e63bb fb4fef508365ae4cfb136b8b15b88dc70c98f36f5a9d02
119 7 02f5de114d982e54 1b3310869065da78cc803933a6d529
121 13 6ec980427717bc6c 1b331086908dc70c9853c05973d69c00
119 7 02f5de114d982e54 1b3310869065da78cc803933a6d529
312 66 b53953609485cd6f 1bb3910e764b9023c8c6c014d8b1b4030000000000773686d3c663063cbad169324d1b431b9844
6 1 0000000000000001 17
176 37 208ceb3668e71845 1b33108690b5c34dd8b7be8603b803d6370656346046
6 1 0000000000000001 17
6 1 0000000000000001 17
6 1 0000000000000001 17
143 12 9f2608a6cc770a4e db5058e28ebf62e33103e63c9856a70d1c23
6 1 0000000000000001 17
6 1 0000000000000001 17
6 1 0000000000000001 17
6 1 0000000000000001 17
119 11 0a992386cc9773b3 1b3310869065da78cc8039379c3527
6 1 0000000000000001 17
6 1 0000000000000001 17
6 1 0000000000000001 17
6 1 0000000000000001 17
6 1 0000000000000001 17
6 1 0000000000000001 17
178 36 3276024652d7aa31 db50b8a5edf8fb00006c0c77b70cd813cc597336500c01
209 21 db4b2f4cfd503194 db50d82107fbc0be8dc70c9833635a9d36065621c9067661b18200
116 15 af45cba0a916e71a fb4f714bdbf1d726fb36d0158b1504
6 1 0000000000000001 17
351 57 0c99f076cbcbdc62 fb4f714bdb98cd0cb031300516ac4dac5a63050000071bc3dd2d03f60473d69c8d815538b0be6f03bf58a420
6 1 0000000000000001 17
6 1 0000000000000001 17
6 1 0000000000000001 17
6 1 0000000000000001 17
6 1 0000000000000001 17
119 7 02f5de114d982e54 1b3310869065da78cc803933a6d529
38 2 0000000000004fd0 8b9a2cb610
6 1 0000000000000001 17
6 1 0000000000000001 17
217 27 c89b1855f6a16082 fb4f9976a8c18a33b1cf12371e3360ce1f67cdd9185885241bd88500
6 1 0000000000000001 17
6 1 0000000000000001 17
119 11 0a992386cc9773b3 1b3310869065da78cc8039379c3527
128 8 06034ed8a4969cf9 db50ecb083b5656e0cac68c08a0dec42
6 1 0000000000000001 17
6 1 0000000000000001 17
140 16 0422155c1b7477d5 dbd076a8c18ac3aa7d1b8f1930e7cab43a05
136 7 02fe0e114d982e54 1b33108690a52e7ab0f19801737e4dab53
6 1 0000000000000001 17
97 15 af459b83617aa770 fb4f714bdbf1d726261be88a00
253 33 fc53781daa3c4c07 db50b8a5edf86b071c96b4e2ecdb78cc80399fa6d569636015926c6017162b08
6 1 0000000000000001 17
162 19 3f0816abcdd3a420 db5058e28ebf029c8d81150dd8b2bc0decc2620501
92 6 800030308d46abca dbaeec7d9b54211bcdbd3707
171 22 d0ebd89f539ecd05 fb4f714bdbf157ec4ff659656563604503566c601702
6 1 0000000000000001 17
119 7 02f5de114d982e54 1b3310869065da78cc803933a6d529
20 1 000000000000008a 8b8604
137 18 647ccca85da3c748 fb4f713bd460c5e1d81858d180151bd88500
6 1 0000000000000001 17
6 1 0000000000000001 17
6 1 0000000000000001 17
60 3 0200000000036588 fb1b33088690a507
6 1 0000000000000001 17
6 1 0000000000000001 17
248 29 df698997c20117ff fb4f714bdbf1d726fb96b4e2b0f1980173064dabd3c6c02a046103bbb05841
223 27 13fa8373b6910235 db5058e28ebfe2382c69e33103e66c71d69c8d815548b2815d58ac20
118 16 aadd8230bd53bb9a fb4f714bdbf1571c4bda40572c5610
6 1 0000000000000001 17
6 1 0000000000000001 17
119 11 0a992386cc9773b3 1b3310869065da78cc8039379c3527
6 1 0000000000000001 17
6 1 0000000000000001 17
6 1 0000000000000001 17
132 10 982508a70d9830d7 1b3310869065aeb88dc70c98f3645a3305
167 21 91000eba6d9275ce fb4f714bdbf1d780b331b0a2015b96b5815d58ac20
20 1 000000000000008a 8b8604
6 1 0000000000000001 17
6 1 0000000000000001 17
6 1 0000000000000001 17
218 40 60301fa5fa369ac4 fb4f714bdbf1d726fb3800001bc3dd2d03f6049d56a70d14c3620501
6 1 0000000000000001 17
6 1 0000000000000001 17
20 1 0100000000001200 831204
6 1 0000000000000001 17
6 1 0000000000000001 17
20 1 000000000000008a 8b8604
53 3 020000000f5de508 1b33108690650a
221 30 093c5ee670450204 fb4f9976a8c1dac46449ce61e33103e6fc71d69c8d815548b2815d08
6 1 0000000000000001 17
6 1 0000000000000001 17
6 1 0000000000000001 17
239 27 e6a286724f5d1836 fb4f714bdbf1d7a615eb9665e33103e61c72d69c8d815548b2815d58ac20
6 1 0000000000000001 17
6 1 0000000000000001 17
6 1 0000000000000001 17
6 1 0000000000000001 17
6 1 0000000000000001 17
6 1 0000000000000001 17
6 1 0000000000000001 17
6 1 0000000000000001 17
119 7 02f5de114d982e54 1b3310869065da78cc803933a6d529
6 1 0000000000000001 17
6 1 0000000000000001 17
232 23 974776fe71ab836c fbcf59e28ebfe2982c6b858dc70c9833675a9d36065621c9067ab15841
6 1 0000000000000001 17
214 29 01b6696926b1ce72 fb3bdac4ed508335671d67e33103e66c71d69c8d815538b0815d10
162 14 8229b31dc293bb9a db5058e28ebf62e33103e63c9856a70d14c3620501
6 1 0000000000000001 17
6 1 0000000000000001 17
119 7 02f5de114d982e54 1b3310869065da78cc803933a6d529
119 7 02f5de114d982e54 1b3310869065da78cc803933a6d529
6 1 0000000000000001 17
6 1 0000000000000001 17
185 19 5af4b5e6d1b83cd1 fb4f714bdbf1d7a6957dd6573606563460c5067661b18200
6 1 0000000000000001 17
20 1 000000000000008a 8b8604
181 49 967f147c8ab9fb57 fb4fef50837507cb041c0070d878cc8039df9c3567cd09
6 1 0000000000000001 17
127 10 8326cdb4a4969d79 db50d821076beb3606563460c5067621
6 1 0000000000000001 17
190 18 2c0554d2f2a39a5c fb4fb1c41d7fc59256ec6f3c66c09c2dd3eab481632c5610
20 1 000000000000008a 8b8604
147 12 0f0c595cb97f6ae4 1b33108690b5c9b47ffbd697b631b0a2012b02
6 1 0000000000000001 17
208 26 f7d926b2a76ca11f fb4f9976a8c18a75b8151b8f1930678cb3e66c0cac42920dec42
6 1 0000000000000001 17
53 3 020000000f5de508 1b33108690650a
6 1 0000000000000001 17
6 1 0000000000000001 17
6 1 0000000000000001 17
119 7 02f5de114d982e54 1b3310869065da78cc803933a6d529
6 1 0000000000000001 17
160 18 647ec4005da3c722 fb4fdd2d6dc75f71383606563460c50676b16841
53 3 020000000f5de508 1b33108690650a
6 1 0000000000000001 17
6 1 0000000000000001 17
20 1 000000000000008a 8b8604
6 1 0000000000000001 17
132 14 6ec981ba3f07bc6c 1b33108690a56e3c66c09c1bce9ab3e604
20 1 0000000000000087 8b8304
59 5 00000f2b76078fa0 9bec02e511dccd02
31 2 0000000000003e0b 8b792c33
121 13 6ec980427717bc6c 1b331086908dc70c9853c05973d69c00
6 1 0000000000000001 17
20 1 000000000000008a 8b8604
6 1 0000000000000001 17
110 14 a2cdcbaca913b884 db5058e28ebf3631d940572c5610
20 1 000000000000008a 8b8604
179 18 dc422d1b83de3c70 1b3310869025dab7f19801738e386bce9ab331b00a1902
228 38 72183d7e355d4374 db50d82107fb4c380038dcc67077cb803d41a7d5696360150e6c601704
6 1 0000000000000001 17
22 5 810000007183a544 f71117
119 11 0a992386cc9773b3 1b3310869065da78cc8039379c3527
6 1 0000000000000001 17
6 1 0000000000000001 17
40 5 80000030c1d2a223 3f711be845
290 67 3a4b2eced5b24c64 db2e1735d8e545096e932c58d3166063081bbb31dc78811bbbe2d60000c0c6640098010001
119 7 02fc2e114d982e54 1b33108690a5da78cc803937a6d529
119 7 02f5de114d982e54 1b3310869065da78cc803933a6d529
133 13 a2cdcbb49486f82e db50d821076b13938d81150d58b1815d08
6 1 0000000000000001 17
6 1 0000000000000001 17
154 26 f85a1a355e7792a9 dbd076a8c1ba8375131b8f1930e78db3e62c0f01
153 15 72ed04a2d522c20a db50d821076b13938dc70c9833635a9d36508c00
124 12 0a992386c9f257f3 1b33108690152b1b8f1930e784b3e604
220 29 9457c5f2d2877a74 db50d821072b8e89731c2c7be33103e6bc9a56a78d815538b0815f04
171 18 706c2ff8124b94e0 fb4f714bdbf1d726261b032b1ab065791bd885c50a02
6 1 0000000000000001 17
6 1 0000000000000001 17
20 1 0000000000000068 8b6404
38 2 000000000000347e 8b642c4610
6 1 0000000000000001 17
225 21 5b4ad75c9d1d2289 db5058e28ebfe2b0a4f58dc70c9873665a9d36065621c9067661b18200
6 1 0000000000000001 17
223 26 e22e9c861bd87a15 db50d821072b607d6dda670d1b8f1930e7d3b43a6d0cacc2810dfc22
119 11 0a992386cc9773b3 1b3310869065da78cc8039379c3527
438 79 18842f173f40b4e9 db50d82106bb2508116463600a8c58711c56ad5a731c38701c00003686d3c663063c3a1bd34ed3fec4c6d046f9acaf6c20118b162c5210
125 16 a2cdc350bd53b884 fb4f714bdbf1d726a6656da02b162b08
6 1 0000000000000001 17
215 46 15ab7179a989fbad dbd076a8c1ba83552bd36462c5dd0107c0d978cc80391b03a6d529
210 25 41f4e6d9d581cfda db50d821076bd3923856d878cc8039779c35676360150e6ce01701
6 1 0000000000000001 17
119 7 02f5de114d982e54 1b3310869065da78cc803933a6d529
132 12 4ae1b3260767cc72 1b33108690a56e3c66c09c1bce9ab33a05
6 1 0000000000000001 17
224 21 e246a44cfd6eea93 fb4fdd2d6dc75f712cc9c66306cc3932ad4e1b03ab906403bbb05841
177 18 04b60d4ed179a0d2 fb4f713bd4606d7fb2cf323706563460c5067661b18200
6 1 0000000000000001 17
53 3 020000000f5de508 1b33108690650a
6 1 0000000000000001 17
20 1 0000000000000087 8b8304
6 1 0000000000000001 17
6 1 0000000000000001 17
224 20 49e5ccaa3fac60c1 fb4fb1c41d7fc592361e3360ce8d69755a751b03ab906403bbb05841
20 1 0100000000001200 831204
156 8 7bef08a6cc17205b 1b3310869065da78cc803933a6d5696360153204
6 1 0000000000000001 17
6 1 0000000000000001 17
20 1 000000000000008a 8b8604
314 46 90d0fd01d5040e99 fb4f713bd460c55999b0ba32ed3b072b8769dfc66306cc3918e0ac391b038b5062e305566ce01701
111 13 af45cbb4913e671a db5058e28ebf36d9b781ae58ac20
6 1 0000000000000001 17
149 13 25973a129dea6bc5 1b3310869065ae4c262b361e3360ce9e69750a
53 3 020000000f5de508 1b33108690650a
6 1 0000000000000001 17
189 20 6bb2f2aa01502178 fb4f714bdbf1d726fbd6ed6f0cac68c096e56d6017162b08
40 5 80000030c1d2a21b 3f711b6845
6 1 0000000000000001 17
6 1 0000000000000001 17
119 11 4c113246cc977391 1b3310869065b2f19801737638ab27
103 12 935e8b916532a44f db5058e28ebf36d95f920d7425
20 1 000000000000008a 8b8604
6 1 0000000000000001 17
6 1 0000000000000001 17
6 1 0000000000000001 17
6 1 0000000000000001 17
20 1 000000000000008a 8b8604
172 15 ca845f60916100ac db50ecb083b5c9feb2d6371e3360ce9d6975da403104
6 1 0000000000000001 17
6 1 0000000000000001 17
20 1 0100000000001200 831204
6 1 0000000000000001 17
53 3 020000000f5de508 1b33108690650a
6 1 0000000000000001 17
40 5 80000030c1d2a21b 3f711b6845
246 27 929b2328ca2065b0 fb4f59e68ebf364d1c9664b2bff1980173164dabd3c6c02a24d9c02e2c5610
6 1 0000000000000001 17
119 7 02f5de114d982e54 1b3310869065da78cc803933a6d529
6 1 0000000000000001 17
6 1 0000000000000001 17
6 1 0000000000000001 17
132 10 0326bd172944ad39 db50d821076b93fd8d81050d78b2815f04
251 41 dcfa88235f0db3eb fb4f713bd460ed1c0ed657ecdbdf78cc8039a79c35676960636015926c601702
6 1 0000000000000001 17
119 11 0a992386cc9773b3 1b3310869065da78cc8039379c3527
6 1 0000000000000001 17
6 1 0000000000000001 17
164 17 61b2669edfe7ec72 1b331086901567698b166c3c66c09c5bce9ab33a05
197 24 b96b9f461a5372d0 fb4f714bdbf157acaf4c6b1b8f1930678db3e66ca018162b08
54 4 02000007aee2a508 1b331086906512
6 1 0000000000000001 17
58 6 000000a3e7511123 b6492efd36b00b01
6 1 0000000000000001 17
6 1 0000000000000001 17
125 16 62cdc3509ffc7984 fb4f9996b6e3af39a6656da02b162b08
119 7 02f5de114d982e54 1b3310869065da78cc803933a6d529
147 15 0a9922617b6653f3 fb1b33088690655acc808dc70c9873cb597302
6 1 0000000000000001 17
20 1 000000000000008a 8b8604
6 1 0000000000000001 17
20 1 000000000000008a 8b8604
6 1 0000000000000001 17
138 15 0a99dfaabd3be2f3 1b33108690a53259d2c66306cc99e3ac3901
6 1 0000000000000001 17
6 1 0000000000000001 17
6 1 0000000000000001 17
6 1 0000000000000001 17
40 5 80000030c1d2a21b 3f711b6845
6 1 0000000000000001 17
198 20 8b9306d8f06eb353 fb1b3308869065ae4cfb136b8b15e06c3c66c09c8501d3ea14
20 1 0000000000000087 8b8304
340 66 f6e232eb1a96f288 fb4f714bdb98cd00b0313005ac3826070000c0c1b131dcdd32604f3067cdd91858850a565637b00b8b1504
215 18 165885f8e2bc11f2 fb4f714bdbf1572c69e33103e6cc9856a78d815548b2815d58ac20
6 1 0000000000000001 17
20 1 0000000000000087 8b8304
121 8 0603cdb8a4969cf9 db50ecb08365da1858d180151bd88500
6 1 0000000000000001 17
121 13 6ec980427717bc6c 1b331086908dc70c9853c05973d69c00
20 1 000000000000008a 8b8604
6 1 0000000000000001 17
78 7 02b55f30634da508 1b3310869035fbeb9616
131 9 05344a114d982e69 1b3310869065aeb88dc70c98f3645a9d02
6 1 0000000000000001 17
6 1 0000000000000001 17
6 1 0000000000000001 17
6 1 0000000000000001 17
6 1 0000000000000001 17
6 1 0000000000000001 17
148 12 204f2a114a38c9dd 1b3310869065ae9c7d2b1b8f1930e7ceb43a05
53 3 020000000f5de508 1b33108690650a
6 1 0000000000000001 17
237 53 fd2ce123d46c72cb fb4f713bd4609f030007008e8de1ee96017b82396bcec6c02a1cd8c02e08
6 1 0000000000000001 17
121 13 6ec980427717bc6c 1b331086908dc70c9853c05973d69c00
6 1 0000000000000001 17
6 1 0000000000000001 17
224 45 34b9a606996a8206 fb4f713bd4601f000000b031dcdd32604fd06975da185885031bf845
118 6 0201fa194d982e54 1b33108690a56e3c66c09c19d3ea14
6 1 0000000000000001 17
6 1 0000000000000001 17
40 5 80000030c1d2a21c 3f711b7845
186 25 78efc1ad90489536 fb4f713bd460c561756d9a701b8f193067d0b43a6da01801
6 1 0000000000000001 17
53 3 020000000f5de508 1b33108690650a
228 41 e56ebf55035eb62b fb4f713bd4606d5a0300808de1ee96017b82396bcec6c02a24d9c02e04
6 1 0000000000000001 17
24 2 8100000000049200 c35c52
6 1 0000000000000001 17
6 1 0000000000000001 17
6 1 0000000000000001 17
6 1 0000000000000001 17
22 5 810000007183a544 f71117
6 1 0000000000000001 17
6 1 0000000000000001 17
157 12 18777a114835d2d7 1b33108690b56965c5fa92361e3360cea269750a
6 1 0000000000000001 17
6 1 0000000000000001 17
6 1 0000000000000001 17
6 1 0000000000000001 17
6 1 0000000000000001 17
36 4 0000000000224fa1 b7be18c105
6 1 0000000000000001 17
119 11 0a992386cc9773b3 1b3310869065da78cc8039379c3527
53 3 020000000f5de508 1b33108690650a
119 7 02f5de114d982e54 1b3310869065da78cc803933a6d529
20 1 0000000000000068 8b6404
139 19 137aff0a981aa584 db50ecb0837d006c0cac68c096e56d601702
20 1 000000000000008a 8b8604
20 1 0000000000000068 8b6404
6 1 0000000000000001 17
6 1 0000000000000001 17
20 1 0000000000000068 8b6404
129 7 02fcae114d982e54 1b33108690a52e69e33103e65c9956a700
166 16 66e5d350b8e4f742 fb4f713bd4606d62b2a48d81150d58b1815d2c5a10
6 1 0000000000000001 17
256 38 162390f656a6ca26 db5058e28ebf0670b0bae2ecb3c6c66306ccf935ad4e1b03ab906403bbb05841
119 7 02f5de114d982e54 1b3310869065da78cc803933a6d529
20 1 000000000000008a 8b8604
285 54 2b11da108ba90886 dbd076a8c1b29ce30056ed5b833b0e38607fe33103e6ac0c9856a78d8155a8606503f108
232 19 5534a45a1b6e8f32 db5058e28ebf36adec5be6c66306ccd933ad4e1b03ab906403bbb05841
118 10 cc113246cc9830ef 1b3310869065da78cc8039379cd513
186 18 86b6f2ebd1d3a4d3 db5058e28ebfe25867636041039e6cbc40890decc2620501
141 12 1454ba114d97889b fb1b33088690a5ae38361e3360ce9669750a
163 16 0634a056559b9480 fb4fb1c41d7f49acdbdf1858d180151bd885c50a02
119 11 0a992386cc9773b3 1b3310869065da78cc8039379c3527
6 1 0000000000000001 17
6 1 0000000000000001 17
6 1 0000000000000001 17
177 20 0926695a90fc9e55 fb4f714bdbf1572c69e33103e6dc70d69c0d1c63b18200
6 1 0000000000000001 17
119 11 0a992386cc9773b3 1b3310869065da78cc8039379c3527
243 34 9859523d1d5f3de7 fb4f713bd460c5313958b56fe33103e6ec9956a78d815538b0280136b00b02
122 12 72d9930083ef1d70 1b331086908dc70c9853c05973d62601
6 1 0000000000000001 17
6 1 0000000000000001 17
20 1 0100000000001200 831204
214 27 17a2651130b1c2de db50d82107fb4c4c96b462e33103e6cc71d69c8d815538b0815d10
6 1 0000000000000001 17
6 1 0000000000000001 17
6 1 0000000000000001 17
6 1 0000000000000001 17
221 25 b9a743fd5191bc93 fb4f714bdbf1571c4bb2f19801739638ab67636015926c6017162b08
6 1 0000000000000001 17
119 7 02f5de114d982e54 1b3310869065da78cc803933a6d529
6 1 0000000000000001 17
119 7 02f5de114d982e54 1b3310869065da78cc803933a6d529
6 1 0000000000000001 17
6 1 0000000000000001 17
156 16 66e5d056173c1782 fb4f713bd4606d62b231b0a2013336b00b8b1504
6 1 0000000000000001 17
53 3 020000000f5de508 1b33108690650a
129 7 02fcae114d982e54 1b33108690a52e69e33103e65c9956a700
20 1 0000000000000068 8b6404
119 11 0a992386cc9773b3 1b3310869065da78cc8039379c3527
6 1 0000000000000001 17
205 25 f5473f39adfc3fe3 fb4f9976a8c18a7d679fd525b131b0a2015facac6e6017162b08
306 40 4d594b43f6717616 fb4f714bdb98cd38b03130056eac000e6063b8bb65c09e60ce9ab33a6d0cac42920decc2620501
6 1 0000000000000001 17
6 1 0000000000000001 17
6 1 0000000000000001 17
6 1 0000000000000001 17
6 1 0000000000000001 17
6 1 0000000000000001 17
6 1 0000000000000001 17
163 16 0e02185d227b93ea db5058e28ebf36ed9bd81858d180151bd885c50a02
6 1 0000000000000001 17
6 1 0000000000000001 17
6 1 0000000000000001 17
20 1 000000000000008a 8b8604
123 15 a2e5d940a916f884 fb4f713bd4606db26f491be88ac50a02
6 1 0000000000000001 17
6 1 0000000000000001 17
20 1 0000000000000068 8b6404
119 11 0a992386cc9773b3 1b3310869065da78cc8039379c3527
6 1 0000000000000001 17
6 1 0000000000000001 17
355 98 78bb8ada54f6b5cb dbd07668c16e096a04d918980237d61dec03000000380000006c0ca78dc70c787436a673a6c901d818dac02402
20 1 000000000000007e 8b7a04
87 8 3a7411123dffc105 9b2707b7815d58de52572e
6 1 0000000000000001 17
6 1 0000000000000001 17
6 1 0000000000000001 17
206 19 5534bcaadda22532 db5058e28ebfe2b0f1980173464cabd3c6c02a24d9c02e2c5610
20 1 0000000000000068 8b6404
6 1 0000000000000001 17
6 1 0000000000000001 17
201 19 02ae8d4899fadd75 fb4f9976a8c18a6349361e3360ce916975da185885241bd88500
20 1 000000000000008a 8b8604
6 1 0000000000000001 17
6 1 0000000000000001 17
40 5 80000030c1d2a223 3f711be845
40 5 80000030c1d2a21b 3f711b6845
190 21 61c37679dd495e96 1b3310869055e7acb8fd89b5450d6c3c66c09c8501d3ea14
169 19 326f243eb263a4e1 fb4f713bd4609f89c9923606563460c5067661b18200
119 7 02f5de114d982e54 1b3310869065da78cc803933a6d529
6 1 0000000000000001 17
119 7 02f5de114d982e54 1b3310869065da78cc803933a6d529
119 7 02f5de114d982e54 1b3310869065da78cc803933a6d529
6 1 0000000000000001 17
6 1 0000000000000001 17
20 1 0000000000000068 8b6404
6 1 0000000000000001 17
6 1 0000000000000001 17
6 1 0000000000000001 17
6 1 0000000000000001 17
6 1 0000000000000001 17
6 1 0000000000000001 17
20 1 000000000000008a 8b8604
38 2 0000000000004fd0 8b9a2cb610
6 1 0000000000000001 17
20 1 000000000000008a 8b8604
6 1 0000000000000001 17
6 1 0000000000000001 17
138 15 0a99dfaabd3be2f3 1b33108690a53259d2c66306cc99e3ac3901
6 1 0000000000000001 17
162 18 f05a4979524f0f76 db5058e28ebf62e33103e64c70d69c0d14c3620501
6 1 0000000000000001 17
6 1 0000000000000001 17
217 18 6d73fdae19789fb1 1b3310869065ad2fcb92361e3360ce2467cdd91858850a5636108f00
53 3 020000000f5de508 1b33108690650a
6 1 0000000000000001 17
6 1 0000000000000001 17
343 64 3a05d9a91e4d7a22 db50d82106bb25106463600a589becaf0000700000b0319c361e33e0d127d3649a368636ca67038958b420
20 1 0000000000000068 8b6404
6 1 0000000000000001 17
119 11 0a992386cc9773b3 1b3310869065da78cc8039379c3527
